Interval , start             , end               , duration            , is_silent
         , 0                 , 1.38331           , 1.38331             , False     ,
         , 1.38331           , 2.23419           , 0.8508799999999999  , True      ,
         , 2.23419           , 4.45844           , 2.2242500000000005  , False     ,
         , 4.45844           , 5.72319           , 1.2647499999999994  , True      ,
         , 5.72319           , 6.4335            , 0.7103100000000007  , False     ,
         , 6.4335            , 7.08075           , 0.6472499999999997  , True      ,
         , 7.08075           , 8.120750000000001 , 1.040000000000001   , False     ,
         , 8.120750000000001 , 8.54237           , 0.421619999999999   , True      ,
         , 8.54237           , 10.7988           , 2.25643             , False     ,
         , 10.7988           , 11.2873           , 0.48850000000000016 , True      ,
         , 11.2873           , 13.2074           , 1.9200999999999997  , False     ,
         , 13.2074           , 14.9912           , 1.7837999999999994  , True      ,
         , 14.9912           , 17.7215           , 2.7302999999999997  , False     ,
         , 17.7215           , 18.3229           , 0.6014000000000017  , True      ,
         , 18.3229           , 58.1193           , 39.796400000000006  , False     ,
         , 58.1193           , 59.3019           , 1.1826000000000008  , True      ,
         , 59.3019           , 66.7522           , 7.450299999999999   , False     ,
         , 66.7522           , 67.1686           , 0.4163999999999959  , True      ,
         , 67.1686           , 75.0122           , 7.843600000000009   , False     ,
         , 75.0122           , 75.2919           , 0.2796999999999912  , True      ,
         , 75.2919           , 76.6568           , 1.3649000000000058  , False     ,
         , 76.6568           , 77.1993           , 0.5424999999999898  , True      ,
         , 77.1993           , 79.6473           , 2.4480000000000075  , False     ,
         , 79.6473           , 79.9326           , 0.28529999999999234 , True      ,
         , 79.9326           , 81.5517           , 1.619100000000003   , False     ,
         , 81.5517           , 82.8245           , 1.2728000000000037  , True      ,
         , 82.8245           , 85.0271           , 2.202600000000004   , False     ,
         , 85.0271           , 86.5311           , 1.5039999999999907  , True      ,
         , 86.5311           , 88.6106           , 2.07950000000001    , False     ,
         , 88.6106           , 89.8689           , 1.2582999999999913  , True      ,
         , 89.8689           , 92.1211           , 2.252200000000002   , False     ,
         , 92.1211           , 92.4768           , 0.3556999999999988  , True      ,
         , 92.4768           , 95.2303           , 2.7535000000000025  , False     ,
         , 95.2303           , 95.776            , 0.5456999999999965  , True      ,
         , 95.776            , 104.143           , 8.367000000000004   , False     ,
         , 104.143           , 104.402           , 0.25900000000000034 , True      ,
         , 104.402           , 106.021           , 1.6189999999999998  , False     ,
         , 106.021           , 106.344           , 0.3229999999999933  , True      ,
         , 106.344           , 108.48            , 2.13600000000001    , False     ,
         , 108.48            , 108.798           , 0.31799999999999784 , True      ,
         , 108.798           , 109.482           , 0.6839999999999975  , False     ,
         , 109.482           , 110.526           , 1.043999999999997   , True      ,
         , 110.526           , 111.307           , 0.7810000000000059  , False     ,
         , 111.307           , 111.828           , 0.5210000000000008  , True      ,
         , 111.828           , 112.439           , 0.61099999999999    , False     ,
         , 112.439           , 113.227           , 0.7880000000000109  , True      ,
         , 113.227           , 114.227           , 1.0                 , False     ,
         , 114.227           , 117.726           , 3.4989999999999952  , True      ,
         , 117.726           , 118.704           , 0.9779999999999944  , False     ,
         , 118.704           , 119.364           , 0.6600000000000108  , True      ,
         , 119.364           , 130.021           , 10.656999999999982  , False     ,
         , 130.021           , 130.667           , 0.646000000000015   , True      ,
         , 130.667           , 131.64            , 0.9729999999999848  , False     ,
         , 131.64            , 132.232           , 0.592000000000013   , True      ,
         , 132.232           , 134.74            , 2.5080000000000098  , False     ,
         , 134.74            , 135.701           , 0.9609999999999843  , True      ,
         , 135.701           , 136.832           , 1.1310000000000002  , False     ,
         , 136.832           , 142.401           , 5.569000000000017   , True      ,
         , 142.401           , 146.673           , 4.271999999999991   , False     ,
         , 146.673           , 147.756           , 1.0829999999999984  , True      ,
         , 147.756           , 148.941           , 1.1850000000000023  , False     ,
         , 148.941           , 149.244           , 0.30299999999999727 , True      ,
         , 149.244           , 150.914           , 1.6699999999999875  , False     ,
         , 150.914           , 152.875           , 1.9610000000000127  , True      ,
         , 152.875           , 160.293           , 7.418000000000006   , False     ,
         , 160.293           , 160.735           , 0.4420000000000073  , True      ,
         , 160.735           , 171.694           , 10.958999999999975  , False     ,
         , 171.694           , 172.884           , 1.1899999999999977  , True      ,
         , 172.884           , 175.345           , 2.4610000000000127  , False     ,
         , 175.345           , 175.92            , 0.5749999999999886  , True      ,
         , 175.92            , 177.979           , 2.059000000000026   , False     ,
         , 177.979           , 178.249           , 0.2699999999999818  , True      ,
         , 178.249           , 181.65            , 3.4010000000000105  , False     ,
         , 181.65            , 182.693           , 1.0430000000000064  , True      ,
         , 182.693           , 183.346           , 0.6529999999999916  , False     ,
         , 183.346           , 183.699           , 0.35300000000000864 , True      ,
         , 183.699           , 185.182           , 1.4829999999999757  , False     ,
         , 185.182           , 185.687           , 0.5050000000000239  , True      ,
         , 185.687           , 187.845           , 2.157999999999987   , False     ,
         , 187.845           , 188.392           , 0.546999999999997   , True      ,
         , 188.392           , 189.197           , 0.8050000000000068  , False     ,
         , 189.197           , 190.177           , 0.9799999999999898  , True      ,
         , 190.177           , 191.0             , 0.8230000000000075  , False     ,
         , 191.0             , 191.743           , 0.742999999999995   , True      ,
         , 191.743           , 193.357           , 1.6140000000000043  , False     ,
         , 193.357           , 193.665           , 0.3079999999999927  , True      ,
         , 193.665           , 195.953           , 2.288000000000011   , False     ,
         , 195.953           , 197.812           , 1.8590000000000089  , True      ,
         , 197.812           , 206.281           , 8.468999999999994   , False     ,
         , 206.281           , 207.501           , 1.2199999999999989  , True      ,
         , 207.501           , 208.326           , 0.8249999999999886  , False     ,
         , 208.326           , 209.334           , 1.0080000000000098  , True      ,
         , 209.334           , 211.801           , 2.4669999999999845  , False     ,
         , 211.801           , 212.161           , 0.36000000000001364 , True      ,
         , 212.161           , 216.362           , 4.200999999999993   , False     ,
         , 216.362           , 216.761           , 0.3990000000000009  , True      ,
         , 216.761           , 221.314           , 4.552999999999997   , False     ,
         , 221.314           , 221.703           , 0.38900000000001    , True      ,
         , 221.703           , 222.421           , 0.7179999999999893  , False     ,
         , 222.421           , 222.841           , 0.4200000000000159  , True      ,
         , 222.841           , 228.282           , 5.4410000000000025  , False     ,
         , 228.282           , 228.912           , 0.6299999999999955  , True      ,
         , 228.912           , 237.187           , 8.275000000000006   , False     ,
         , 237.187           , 237.786           , 0.5989999999999895  , True      ,
         , 237.786           , 239.836           , 2.0500000000000114  , False     ,
         , 239.836           , 240.874           , 1.0379999999999825  , True      ,
         , 240.874           , 250.269           , 9.39500000000001    , False     ,
         , 250.269           , 250.981           , 0.7119999999999891  , True      ,
         , 250.981           , 251.541           , 0.5600000000000023  , False     ,
         , 251.541           , 251.847           , 0.3060000000000116  , True      ,
         , 251.847           , 257.142           , 5.2949999999999875  , False     ,
         , 257.142           , 258.211           , 1.0690000000000168  , True      ,
         , 258.211           , 264.402           , 6.190999999999974   , False     ,
         , 264.402           , 265.072           , 0.6700000000000159  , True      ,
         , 265.072           , 265.968           , 0.896000000000015   , False     ,
         , 265.968           , 266.35            , 0.382000000000005   , True      ,
         , 266.35            , 268.308           , 1.95799999999997    , False     ,
         , 268.308           , 269.545           , 1.2370000000000232  , True      ,
         , 269.545           , 271.201           , 1.656000000000006   , False     ,
         , 271.201           , 273.207           , 2.005999999999972   , True      ,
         , 273.207           , 273.89            , 0.6829999999999927  , False     ,
         , 273.89            , 274.247           , 0.35700000000002774 , True      ,
         , 274.247           , 274.969           , 0.72199999999998    , False     ,
         , 274.969           , 276.85            , 1.8810000000000286  , True      ,
         , 276.85            , 280.733           , 3.8829999999999814  , False     ,
         , 280.733           , 281.353           , 0.6200000000000045  , True      ,
         , 281.353           , 297.948           , 16.59499999999997   , False     ,
         , 297.948           , 298.24            , 0.29200000000003    , True      ,
         , 298.24            , 300.13            , 1.8899999999999864  , False>]