AN	4.49	6.13
CHN	12.64	13.24	0.60	0.00
AN	18.98	19.58
AN	22.81	23.82
AN	30.91	31.91
AN	35.21	36.21
AN	49.33	50.33
CHN	52.94	54.24	0.60	0.00
CHN	55.30	57.54	1.20	0.00
AN	57.54	58.54
AN	59.40	61.48
AN	63.56	65.74
AN	66.55	68.95
CHN	68.95	69.78	0.24	0.24
AN	69.78	71.23
CHN	73.31	74.13	0.67	0.00
AN	74.13	75.21
AN	76.01	77.75
AN	77.75	78.37
AN	79.17	80.81
CHN	81.74	82.99	0.91	0.00
AN	83.92	84.92
AN	88.70	89.70
AN	99.02	100.02
CHN	118.79	119.79	0.00	0.90
CHN	119.79	120.58	0.00	0.79
AN	120.58	122.69
AN	123.53	125.00
AN	125.80	126.97
CHN	126.97	127.90	0.76	0.00
AN	135.25	136.25
AN	138.69	139.69
AN	140.80	142.30
AN	157.20	158.72
AN	160.49	161.90
CHN	163.85	164.79	0.94	0.00
AN	164.79	165.79
AN	166.60	167.81
AN	167.81	168.41
AN	170.64	171.65
AN	174.09	175.49
AN	177.22	178.26
AN	179.75	180.75
AN	187.94	188.54
CHN	197.45	198.08	0.00	0.48
CHN	198.91	199.82	0.00	0.73
CHN	210.25	213.49	0.00	3.24
AN	213.49	214.73
AN	216.92	217.92
AN	222.04	223.14
AN	230.47	231.90
AN	234.64	235.64
CHN	239.57	240.30	0.09	0.00
CHN	241.20	241.82	0.00	0.12
AN	252.84	254.06
AN	254.98	255.98
AN	257.50	258.50
AN	259.58	260.18
AN	262.37	263.37
CHN	264.27	265.02	0.75	0.00
CHN	265.95	266.75	0.80	0.00
AN	269.58	270.26
AN	270.26	271.26
CHN	271.26	272.51	1.25	0.00
AN	274.25	274.85
CHN	276.50	280.52	1.94	0.00
AN	283.31	284.31
AN	286.10	287.32
AN	293.73	294.73
CHN	295.77	296.38	0.61	0.00
AN	300.92	301.96
CHN	303.31	304.48	1.17	0.00
AN	304.48	306.69
AN	306.69	307.69
AN	307.69	308.94
AN	308.94	309.55
AN	310.35	311.42
AN	312.30	313.84
CHN	314.82	316.19	1.22	0.00
AN	316.19	317.41
CHN	318.21	321.76	2.51	0.00
AN	321.76	324.60
CHN	325.63	326.84	0.75	0.00
CHN	327.73	328.33	0.60	0.00
CHN	328.33	329.38	0.32	0.00
AN	330.20	331.88
CHN	331.88	332.48	0.60	0.00
AN	333.28	335.14
CHN	336.04	337.05	0.00	1.01
CHN	337.05	338.36	0.45	0.00
CHN	338.36	339.03	0.67	0.00
AN	339.03	340.20
CHN	340.20	341.66	0.00	1.46
AN	342.89	345.12
AN	347.84	349.17
AN	349.97	351.11
AN	352.72	353.90
AN	353.90	354.90
AN	354.90	358.64
AN	358.64	361.63
CHN	361.63	363.25	0.89	0.00
AN	364.05	365.05
CHN	366.19	366.80	0.61	0.00
AN	367.60	368.23
AN	369.08	371.50
CHN	372.30	372.90	0.60	0.00
AN	372.90	373.90
CHN	373.90	375.03	0.83	0.00
CHN	375.03	376.12	0.00	1.09
CHN	378.04	378.91	0.00	0.87
CHN	379.76	380.36	0.00	0.60
AN	382.28	383.80
CHN	385.40	386.71	0.00	1.31
CHN	386.71	388.88	0.00	2.17
AN	407.73	409.05
CHN	409.05	409.69	0.47	0.00
AN	410.55	411.19
CHN	447.52	448.86	1.23	0.00
CHN	449.79	451.50	1.61	0.00
CHN	452.59	453.99	0.97	0.00
CHN	457.62	459.47	1.36	0.00
CHN	461.53	462.53	1.00	0.00
CHN	462.53	463.15	0.62	0.00
AN	463.96	465.05
CHN	466.05	468.42	1.76	0.00
AN	469.46	470.46
CHN	471.42	473.42	1.55	0.00
AN	474.22	474.82
AN	474.82	475.99
AN	477.19	478.16
AN	478.16	481.11
CHN	481.11	483.94	1.82	0.00
AN	485.94	486.94
AN	486.94	488.14
AN	488.14	488.74
AN	489.54	492.53
CHN	493.75	498.43	2.53	0.00
AN	498.43	499.67
